0.64686672 -0.74710361 0.33826454
-0.65676564 -0.74174136 0.34788784
0.53635635 -0.04610018 2.34965103
-0.54060299 -0.03501787 2.36799149
0.80710964 0.32143900 2.22670975
-0.83013698 0.32259476 2.33653641
-0.71984096 -0.81440463 -0.38605015
-0.99666676 0.51252076 1.65658508
-0.99184918 0.46606355 -1.58379120
-0.89020924 -0.14027002 -2.31039795
-0.64940303 -0.65840153 -1.91188705
0.64940358 -0.65840153 -1.91188705
-0.52698510 -0.23991212 -2.50813492
0.53674819 -0.23942475 -2.49853012
-0.75690617 0.49350953 -2.45142563
0.80134227 0.50836602 -2.40820267
0.72068614 -0.81337040 -0.37850483
0.74079341 -0.30110566 -2.36330612
0.99811534 0.52055244 -1.50889954
1.00293286 0.47238442 1.58157227
-0.33932808 -0.01232347 -2.58881454
0.33932708 -0.01232347 -2.58881454
-0.89394147 -0.26010156 0.93295120
0.90278957 -0.25577829 0.94062111
