0.59659756 -0.61670151 0.36781257
-0.59587131 -0.61704716 0.36814277
0.54755272 -0.04519702 2.19864235
-0.59322117 -0.04822459 2.15109382
0.79290844 0.40245937 1.98290779
-0.79190479 0.40650650 1.97645286
-0.64906948 -0.61638962 -0.16350945
-0.78735706 0.34957592 1.43293312
-0.78735706 0.34957607 -1.30198021
-0.80440891 -0.15282092 -1.92037194
-0.60184902 -0.53747243 -1.28940911
0.60395638 -0.53739655 -1.28956475
-0.58979885 -0.24539752 -2.23300560
0.55828873 -0.22829371 -2.25047997
-0.55708752 0.38281902 -2.34606224
0.55730713 0.38281715 -2.34606224
0.64855549 -0.61638691 -0.16332360
0.79654446 -0.11009654 -1.98781883
0.81265812 0.34437039 -1.31246849
0.81265842 0.34437023 1.43246681
-0.22110500 0.20027887 -2.40704369
0.23473066 0.19958997 -2.40729027
-0.80719463 -0.21388827 0.93815147
0.80682819 -0.21827273 0.95851509
