-0.59322117 -0.04822459 2.15109382
-0.49704174 0.08496045 2.27381538
-0.78697552 -0.06147975 1.93043999
-0.78264561 0.09038163 2.03153602
-0.78988117 0.27270055 2.03534004
-0.79190479 0.40650650 1.97645286
-0.80942097 0.50427868 1.81438453
-0.78735706 0.34957592 1.43293312
-0.59587131 -0.61704716 0.36814277
-0.80719463 -0.21388827 0.93815147
-0.87614597 0.43605256 0.97228584
-0.64906948 -0.61638962 -0.16350945
-0.78691250 -0.27890658 -0.08673912
-0.91448048 -0.06604716 0.12518776
-0.90543613 -0.07856891 -0.06472740
-0.88047581 0.41842384 -0.13159325
-0.74355267 -0.33131640 -1.22813500
-0.90229877 -0.13096499 -0.84478478
-0.89298572 -0.14019671 -1.03487663
-0.88592823 0.41049144 -0.86342186
-0.78735706 0.34957607 -1.30198021
-0.77155903 0.48071281 -1.68597496
-0.76327084 -0.23223750 -1.90693993
-0.80440891 -0.15282092 -1.92037194
-0.60184902 -0.53747243 -1.28940911
-0.58979885 -0.24539752 -2.23300560
-0.50598988 -0.07175120 -2.33201683
-0.41454723 0.04224713 -2.41097557
-0.55708752 0.38281902 -2.34606224
0.55730713 0.38281715 -2.34606224
0.45113071 0.04230298 -2.40930199
0.50342381 -0.07174022 -2.33217247
0.55828873 -0.22829371 -2.25047997
0.60395638 -0.53739655 -1.28956475
0.79654446 -0.11009654 -1.98781883
0.79511974 -0.22230715 -1.88846947
0.80294437 0.46019458 -1.68459435
0.81265812 0.34437039 -1.31246849
0.88490772 0.41049144 -0.86339653
0.89057423 -0.13746638 -1.03341362
0.90504643 -0.14702548 -0.84103478
0.74898846 -0.33435032 -1.24541741
0.87996265 0.41841111 -0.13158745
0.90496693 -0.07856891 -0.06473778
0.91413014 -0.06604716 0.12517311
0.79465092 -0.27424227 -0.15954735
0.64855549 -0.61638691 -0.16332360
0.87635090 0.43605256 0.97229500
0.80682819 -0.21827273 0.95851509
0.59659756 -0.61670151 0.36781257
0.81265842 0.34437023 1.43246681
0.81144428 0.50427868 1.81438423
0.79290844 0.40245937 1.98290779
0.79010578 0.27271608 2.03533043
0.78465504 0.09038144 2.03159965
0.78549694 -0.06107096 1.93752632
0.49895275 0.08496732 2.27394295
0.54755272 -0.04519702 2.19864235
-0.27276691 0.15337034 2.33977104
0.27494673 0.15418455 2.35288368
0.27456358 0.28185645 2.36786140
-0.27251820 0.28185645 2.36784309
-0.22268238 0.10262426 -2.36391991
0.23473066 0.10270543 -2.36362755
0.23473066 0.19958997 -2.40729027
-0.22110500 0.20027887 -2.40704369
