-0.54060299 -0.03501787 2.36799149
-0.51875035 0.05273298 2.44196793
-0.88399869 -0.14676813 1.98122742
-0.89186452 0.02647101 2.20208252
-0.88022015 0.14934073 2.28385864
-0.83013698 0.32259476 2.33653641
-0.95594716 0.60609970 2.05413269
-0.99666676 0.51252076 1.65658508
-0.65676564 -0.74174136 0.34788784
-0.89394147 -0.26010156 0.93295120
-0.97281398 0.55878326 0.97676811
-0.71984096 -0.81440463 -0.38605015
-0.90824193 -0.32599239 -0.31243154
-0.97346242 -0.17347680 0.01461953
-0.98729573 -0.17503032 -0.28050262
-0.98273617 0.52488679 -0.28021967
-0.79657299 -0.43030765 -1.79955643
-0.97346226 -0.22335641 -1.08273743
-0.97843425 -0.24170343 -1.27191727
-0.98744473 0.50418504 -1.03118286
-0.99184918 0.46606355 -1.58379120
-0.93876614 0.53867005 -2.11595856
-0.85119725 -0.27500505 -2.27556930
-0.89020924 -0.14027002 -2.31039795
-0.64940303 -0.65840153 -1.91188705
-0.52698510 -0.23991212 -2.50813492
-0.50497433 -0.09758150 -2.54114395
-0.44064744 0.11749388 -2.57975571
-0.75690617 0.49350953 -2.45142563
0.80134227 0.50836602 -2.40820267
0.44064643 0.11749388 -2.57975571
0.51486469 -0.10696764 -2.52532486
0.53674819 -0.23942475 -2.49853012
0.64940358 -0.65840153 -1.91188705
0.74079341 -0.30110566 -2.36330612
0.80162624 -0.12798860 -2.39453842
0.96120548 0.51983575 -2.05716247
0.99811534 0.52055244 -1.50889954
0.98744350 0.50418496 -1.03118286
0.97351201 -0.20513469 -1.34996735
0.97834393 -0.23187938 -1.15849701
0.78449176 -0.44867008 -1.70773514
0.98267589 0.52506799 -0.27574428
0.97351201 -0.15525492 -0.25261045
1.00030399 -0.11984476 -0.06712338
0.91218418 -0.30998697 -0.30259802
0.72068614 -0.81337040 -0.37850483
0.97276059 0.55897713 0.98108162
0.90278957 -0.25577829 0.94062111
0.64686672 -0.74710361 0.33826454
1.00293286 0.47238442 1.58157227
0.92538845 0.63936638 2.10365204
0.80710964 0.32143900 2.22670975
0.88021976 0.14934073 2.28385895
0.90284031 -0.00496439 2.16121246
0.85998920 -0.15878953 1.97715958
0.54854916 0.03626707 2.44003494
0.53635635 -0.04610018 2.34965103
-0.31251223 0.33069057 2.53934280
0.33354057 0.34000439 2.59735062
0.33825790 0.44299771 2.62269974
-0.33825829 0.44299771 2.62269974
-0.39420930 -0.17620485 -2.56357986
0.39420978 -0.17620485 -2.56357986
0.33932708 -0.01232347 -2.58881454
-0.33932808 -0.01232347 -2.58881454
